ASYM
 1 0 0 
 0 1 0
 0 0 1
 0 0 0

ASYM
 0.500000 -0.809017  0.309017
 0.809017  0.309017 -0.500000
 0.309017  0.500000  0.809017
 0 0 0

ASYM
-0.309017 -0.500000  0.809017
 0.500000 -0.809017 -0.309017
 0.809017  0.309017  0.500000
 0 0 0

ASYM
-0.309017  0.500000  0.809017
-0.500000 -0.809017  0.309017
 0.809017 -0.309017  0.500000
 0 0 0

ASYM
 0.500000  0.809017  0.309017
-0.809017  0.309017  0.500000
 0.309017 -0.500000  0.809017
 0 0 0
